10-fold testing averages
95.79194917564939
95.04070250062107
94.73291161483044
94.64671986621343
94.58518895533781
94.58514351153363
94.30201346348439
94.22812183786861
94.11736013911863
93.87103957246468
93.74788686310508
93.6371251643551
93.55097885954228
93.550994007477
93.52637861353983

Testing Accuracy Scores:
99.95898277276456
99.91796554552911
99.95898277276456
99.91796554552911
99.79491386382281
99.67186218211648
99.58982772764561
99.63084495488104
99.50779327317474
99.2616899097621
99.17965545529123
99.05660377358491
99.01558654634947
98.81050041017228
98.76948318293684

