Testing Accuracy Scores:
99.17965545529123
99.17965545529123
99.17965545529123
99.17965545529123
99.13863822805578
99.13863822805578
99.13863822805578
99.13863822805578
99.13863822805578
99.13863822805578
99.13863822805578
99.13863822805578
99.13863822805578
99.13863822805578
99.13863822805578

Training Accuracy Scores:
99.15582131551179
99.15582131551179
99.15582131551179
99.15582131551179
99.17340837143863
99.17340837143863
99.17340837143863
99.17340837143863
99.17340837143863
99.17340837143863
99.17340837143863
99.17340837143863
99.17340837143863
99.17340837143863
99.17340837143863

10-fold testing averages
98.92864716824506
98.70697229139779
98.70697229139779
98.92864716824506
99.15032204509237
99.15032204509237
96.0014905567775
96.0014905567775
96.0014905567775
96.0014905567775
96.0014905567775
96.0014905567775
96.0014905567775
96.0014905567775
96.0014905567775