Testing Accuracy Scores:
100.0
100.0
100.0
100.0
100.0
100.0
100.0
100.0
100.0
100.0
100.0
100.0
100.0
99.95898277276456
99.95898277276456

Training Accuracy Scores:
100.0
100.0
100.0
100.0
100.0
100.0
100.0
100.0
100.0
100.0
100.0
100.0
100.0
100.0
100.0

10-fold testing averages
96.6417180181654
95.66884191009397
95.16388550585013
95.02841752555456
94.94221062900283
94.90527996412969
94.85603402832056
94.84371875738461
94.80677294457672
94.7452268857664
94.72059634389447
94.70828107295851
94.70829622089325
94.65905028508412
94.67136555602009