Testing Accuracy Scores:
99.95898277276456
99.91796554552911
99.91796554552911
99.83593109105826
99.75389663658737
99.50779327317474
99.50779327317474
99.09762100082034
99.05660377358491
98.7284659557014
98.64643150123051
98.52337981952421
98.52337981952421
98.15422477440525
98.11320754716981


Training Accuracy Scores:
100.0
99.94723883221948
99.92965177629264
99.9120647203658
99.78895532887795
99.68343299331693
99.66584593739009
99.45480126626802
99.29651776292648
99.01512486809708
98.89201547660922
98.8392543088287
98.698557861414
98.54027435807245
98.46992613436511


10-fold testing averages
95.79194917564939
94.85598858451638
94.6344197432122
94.41277516223438
94.31429843855088
94.0680081677664
93.85876974533292
93.69864092729597
93.62485533722331
93.31697356382432
93.25542750501398
93.1323353873933
93.00924326977261
92.8984815710226
92.82465053714579

